*NODE
1, 0.0, 0.0, 0.0
2, 11.5, 0.0, 0.0
3, 11.5, 11.5, 0.0
4, 0.0, 11.5, 0.0
5, 5.749999999978694, 0.0, 0.0
6, 2.8749999999903384, 0.0, 0.0
7, 8.624999999984773, 0.0, 0.0
8, 11.5, 5.749999999978694, 0.0
9, 11.5, 2.8749999999903384, 0.0
10, 11.5, 8.624999999984773, 0.0
11, 5.750000000026038, 11.5, 0.0
12, 8.625000000014099, 11.5, 0.0
13, 2.875000000011683, 11.5, 0.0
14, 0.0, 5.750000000026038, 0.0
15, 0.0, 8.625000000014099, 0.0
16, 0.0, 2.875000000011683, 0.0
17, 5.750000000002366, 5.750000000002366, 0.0
18, 5.74999999999053, 2.875000000001183, 0.0
19, 2.875000000001183, 5.750000000014202, 0.0
20, 2.8749999999957607, 2.875000000006433, 0.0
21, 5.750000000014202, 8.625000000001183, 0.0
22, 2.875000000006433, 8.62500000000764, 0.0
23, 8.625000000001183, 5.74999999999053, 0.0
24, 8.62499999999298, 2.8749999999957607, 0.0
25, 8.62500000000764, 8.62499999999298, 0.0
*ELEMENT, TYPE=Q9, ELSET=EALL
1, 1, 5, 17, 14, 6, 18, 19, 16, 20
2, 14, 17, 11, 4, 19, 21, 13, 15, 22
3, 5, 2, 8, 17, 7, 9, 23, 18, 24
4, 17, 8, 3, 11, 23, 10, 12, 21, 25
*BOUNDARY
1, ENCASTRE
2, ENCASTRE
3, ENCASTRE
4, ENCASTRE
5, ENCASTRE
6, ENCASTRE
7, ENCASTRE
8, ENCASTRE
9, ENCASTRE
10, ENCASTRE
11, ENCASTRE
12, ENCASTRE
13, ENCASTRE
14, ENCASTRE
15, ENCASTRE
16, ENCASTRE
*CLOAD
17, 3, 1
*DLOAD
1, 1
2, 1
3, 1
4, 1
*SHELL SECTION, ELSET=EALL, COMPOSITE
0.1, 0, CFRP, 0
0.1, 0, CFRP, 90
*MATERIAL, NAME=CFRP
*ELASTIC, TYPE=LAMINA
1000000000.0, 500000000.0, 0.3, 250000000.0, 100000000.0, 100000000.0
*DENSITY
1000
*MATERIAL, NAME=ISO
*ELASTIC, TYPE=ISOTROPIC
1000000000.0, 0.3
*DENSITY
1000
